###
# timestamp: 2456148.862618
# Gaussian 1 [amp, RV +/- err, wid]: [0.88, -19.59 +/- 0.03, 3.06]
# Gaussian 2 [amp, RV +/- err, wid]: [0.13, -13.71 +/- 0.49, 18.36]
# Uncorrected_RV, BF_amp, Gaussian_fit
###
127.5 0.0 4.50745437698e-14
126.0 0.0 7.88104372466e-14
124.5 0.000780556258323 1.3704040344e-13
123.0 0.000783002016581 2.36987813501e-13
121.5 0.000631250977236 4.07582842505e-13
120.0 0.000350646395611 6.97137215709e-13
118.5 0.000164136509545 1.18585922247e-12
117.0 0.000102718960241 2.00613658234e-12
115.5 0.000122666600167 3.37520653727e-12
114.0 0.000237196126316 5.64745402036e-12
112.5 0.000361716715648 9.39761281616e-12
111.0 0.000365326247276 1.55523093579e-11
109.5 0.000321602885466 2.55967436427e-11
108.0 3.90571840688e-05 4.18973973403e-11
106.5 -0.000417631806726 6.82027468617e-11
105.0 -0.000541672344444 1.10415280732e-10
103.5 -0.00052831050215 1.77774305172e-10
102.0 -0.000548150489717 2.84656623029e-10
100.5 -0.000283399808891 4.53300387147e-10
99.0 0.000147648958268 7.17899054201e-10
97.5 0.000604135977186 1.13071503368e-09
96.0 0.00115939841761 1.7711504176e-09
94.5 0.00129733168822 2.75911764987e-09
93.0 0.00124569068417 4.27461973982e-09
91.5 0.00129206550985 6.58623539693e-09
90.0 0.00125504758133 1.00922849588e-08
88.5 0.0012822911688 1.53799263004e-08
87.0 0.00106929187937 2.33094216692e-08
85.5 0.000739111853032 3.51334854455e-08
84.0 0.000728751137627 5.26651673639e-08
82.5 0.000858546011606 7.85123894613e-08
81.0 0.000962290768479 1.16403332902e-07
79.5 0.00108434129713 1.71634713679e-07
78.0 0.00116697266614 2.51685003111e-07
76.5 0.00138559115773 3.67047306277e-07
75.0 0.00144739030377 5.32352426534e-07
73.5 0.00119717881758 7.67872172035e-07
72.0 0.000951214260316 1.10151677115e-06
70.5 0.000795069808837 1.57146890876e-06
69.0 0.000596384749448 2.22963085717e-06
67.5 0.000521216787088 3.14610080255e-06
66.0 0.00069613004667 4.4149398894e-06
64.5 0.00098086555905 6.16154252835e-06
63.0 0.00115799501047 8.55197849339e-06
61.5 0.000975367863539 1.18047350416e-05
60.0 0.000750470054951 1.62053487416e-05
58.5 0.000413966581373 2.21244770126e-05
57.0 3.78565014558e-05 3.00400146045e-05
55.5 -0.00027501017078 4.05639052474e-05
54.0 -0.000360210932695 5.44743270389e-05
52.5 -0.000299682196048 7.27539340583e-05
51.0 -0.000344307974214 9.66348072015e-05
49.5 -0.000473343911945 0.000127650694221
48.0 -0.000471882939111 0.000167696991598
46.5 -0.000401743474117 0.000219098728067
45.0 -0.000516888876643 0.000284686540666
43.5 -0.000764932729034 0.000367880279769
42.0 -0.0010573660427 0.000472779432603
40.5 -0.00125378393325 0.000604259011952
39.0 -0.00120512413002 0.000768068919554
37.5 -0.00108658712659 0.000970934070088
36.0 -0.00101839835598 0.00122065176708
34.5 -0.000721945947788 0.00152618198091
33.0 -0.00063714697462 0.00189772532521
31.5 -0.000501278069903 0.0023467827054
30.0 -0.000103042205548 0.00288618987522
28.5 0.000287455244448 0.00353011954544
27.0 0.000564456988982 0.00429404331338
25.5 0.000767344281353 0.00519464559225
24.0 0.00102226469447 0.00624968198921
22.5 0.00110655060474 0.00747777527539
21.0 0.00127558714176 0.00889814326551
19.5 0.00129128951199 0.0105302546178
18.0 0.00111937116074 0.0123934107908
16.5 0.00125781704895 0.014506255142
15.0 0.0013730874478 0.0168862133684
13.5 0.00121896671039 0.0195488731027
12.0 0.00105218678867 0.0225073143467
10.5 0.00108179419631 0.0257714064059
9.0 0.00124607894926 0.0293470908853
7.5 0.00144694406117 0.0332356739235
6.0 0.00160035051322 0.0374331541334
4.5 0.00172020467178 0.0419296165629
3.0 0.00175471523257 0.0467087332241
1.5 0.00201510206289 0.051747455719
0.0 0.0026802698868 0.0570161818084
-1.5 0.00341055866635 0.0624804337812
-3.0 0.00404300197618 0.0681075980479
-4.5 0.00487404592592 0.0738893519187
-6.0 0.00598128918905 0.0799068212081
-7.5 0.0071344057519 0.0864949258014
-9.0 0.0082797352702 0.0945955995591
-10.5 0.00963395532637 0.106383351012
-12.0 0.0113462255343 0.12611265734
-13.5 0.0141629766117 0.160792015246
-15.0 0.0190358527814 0.219809258034
-16.5 0.0268731831825 0.312420218092
-18.0 0.0389078185419 0.442705505293
-19.5 0.0545184927368 0.603465282291
-21.0 0.0707590496579 0.772657476587
-22.5 0.084025720391 0.916360709518
-24.0 0.0912491675911 0.999321225858
-25.5 0.0907781941626 0.999016256597
-27.0 0.0831504421751 0.915651285593
-28.5 0.0702248616602 0.772062760521
-30.0 0.0549178190798 0.603586835501
-31.5 0.0397472569397 0.443996824756
-33.0 0.0274000448796 0.31506839974
-34.5 0.019175596517 0.223752076109
-36.0 0.014420702014 0.16581639416
-37.5 0.0121553183945 0.131960620708
-39.0 0.0108690554679 0.112820034698
-40.5 0.00975826620674 0.101433172387
-42.0 0.00860606632961 0.0935887484345
-43.5 0.00763713033006 0.0871423927696
-45.0 0.00656832130772 0.0811708797648
-46.5 0.00524508534941 0.0753512989635
-48.0 0.00408755789783 0.0696117044332
-49.5 0.00316063698844 0.0639688979439
-51.0 0.00245541514648 0.0584641035291
-52.5 0.00196989247086 0.0531406907279
-54.0 0.00176043645589 0.048037305813
-55.5 0.00150815681713 0.0431859804785
-57.0 0.00122066064383 0.0386117473122
-58.5 0.00115794443141 0.0343327527733
-60.0 0.000950124222191 0.0303605959394
-61.5 0.000773647968553 0.0267008109526
-63.0 0.000654929575692 0.0233534531224
-64.5 0.000700025721718 0.0203137570522
-66.0 0.000669605336158 0.0175728376338
-67.5 0.000532284295597 0.0151184069986
-69.0 0.000339019107228 0.012935483405
-70.5 0.0002062243277 0.0110070715028
-72.0 0.000141119485208 0.00931479725128
-73.5 0.000236358742967 0.00783948474058
-75.0 0.000492517829062 0.00656166608575
-76.5 0.000694829621057 0.00546201925637
-78.0 0.000899392424006 0.00452173203683
-79.5 0.00107458613083 0.00372279319279
-81.0 0.00120384533666 0.00304821428763
-82.5 0.00130456972779 0.00248218742861
-84.0 0.00131593080384 0.00201018553339
-85.5 0.0011566849893 0.00161901252575
-87.0 0.00105544261868 0.00129681124701
-88.5 0.00105875141895 0.00103303687005
-90.0 0.00100176688533 0.000818403296503
-91.5 0.000963487698609 0.000644809477243
-93.0 0.000890743056694 0.000505251891505
-94.5 0.00074856250622 0.000393728614159
-96.0 0.000812049962087 0.000305139550737
-97.5 0.000856910026924 0.000235186571356
-99.0 0.000926278261833 0.000180276464917
-100.5 0.000815729317571 0.000137428890351
-102.0 0.000658168684966 0.000104190840275
-103.5 0.000508219148765 7.85585638307e-05
-105.0 0.000349232141169 5.89074229886e-05
-106.5 0.000425964485325 4.3929777855e-05
-108.0 0.000362089215551 3.25807054951e-05
-109.5 0.000315815585536 2.40311445266e-05
-111.0 0.000269572335438 1.76279139001e-05
-112.5 8.18765306192e-05 1.28599677652e-05
-114.0 -6.38386984456e-05 9.33020816749e-06
-115.5 2.11236018822e-05 6.73217320609e-06
-117.0 -7.93415049865e-06 4.83094087972e-06
-118.5 3.86941421626e-06 3.44763005823e-06
-120.0 0.000123024693745 2.44693305819e-06
-121.5 0.000176115540754 1.72717368413e-06
-123.0 0.000166081283202 1.21244607064e-06
-124.5 0.000116506004454 8.46450064742e-07
-126.0 0.0 5.8769601895e-07
-127.5 0.0 4.05804304277e-07
###
# timestamp: 2456149.872712
# Gaussian 1 [amp, RV +/- err, wid]: [0.88, -19.59 +/- 0.03, 3.06]
# Gaussian 2 [amp, RV +/- err, wid]: [0.13, -13.71 +/- 0.49, 18.36]
# Uncorrected_RV, BF_amp, Gaussian_fit
###
127.5 0.0 2.90742164948e-16
126.0 0.0 5.82073281072e-16
124.5 0.000644058508323 1.15699891925e-15
123.0 0.000537370904557 2.28335736122e-15
121.5 0.000230315003908 4.4740462079e-15
120.0 0.000145797140608 8.70387585743e-15
118.5 0.000119321931145 1.68116583528e-14
117.0 0.000110441192617 3.22399283457e-14
115.5 0.000242418579415 6.1385136341e-14
114.0 0.00023968364437 1.16042753762e-13
112.5 0.000146921290549 2.17800299436e-13
111.0 2.72778924185e-05 4.05867768143e-13
109.5 -0.000187319766034 7.50924542834e-13
108.0 -0.000336339810152 1.37941098109e-12
106.5 -0.000566957799103 2.51580342335e-12
105.0 -0.000654921852497 4.55559778576e-12
103.5 -0.000550716429262 8.19029769156e-12
102.0 -0.000365391341974 1.4619739896e-11
100.5 3.34661394992e-05 2.59098709226e-11
99.0 0.000322337614807 4.55907248863e-11
97.5 0.00059481324991 7.96477277034e-11
96.0 0.000822999637267 1.38151602698e-10
94.5 0.00085136008604 2.37916251968e-10
93.0 0.000919849822214 4.06797182392e-10
91.5 0.000848399133418 6.90585423894e-10
90.0 0.000781524630318 1.1639719738e-09
88.5 0.000697499343171 1.94784001797e-09
87.0 0.000604100457854 3.23630682675e-09
85.5 0.000768108637372 5.33865356073e-09
84.0 0.00107632367069 8.7437842667e-09
82.5 0.00121095175676 1.42184669571e-08
81.0 0.00140685865767 2.29557642986e-08
79.5 0.00158100980567 3.67973365976e-08
78.0 0.00142068602756 5.85634507183e-08
76.5 0.00119868411463 9.25385257632e-08
75.0 0.00111179035596 1.45179113086e-07
73.5 0.00103116554672 2.26136854029e-07
72.0 0.00082990459727 3.49723002122e-07
70.5 0.000847729492245 5.36985667531e-07
69.0 0.000877327600329 8.186284531e-07
67.5 0.00071956623671 1.23907222255e-06
66.0 0.000596757022584 1.86205305683e-06
64.5 0.000683805251835 2.77826153737e-06
63.0 0.000736617269724 4.11566337636e-06
61.5 0.000394729788682 6.05330017563e-06
60.0 0.000210907406365 8.8395512796e-06
58.5 2.72057672801e-05 1.28160405608e-05
57.0 -0.000126852614711 1.84485896719e-05
55.5 -0.000280239256133 2.63668418619e-05
54.0 -0.000257024265003 3.74143928555e-05
52.5 -0.000189373006802 5.27114465128e-05
51.0 -0.000199899285352 7.37321352802e-05
49.5 -0.00025062537689 0.000102398673993
48.0 -0.000311792796853 0.000141194408707
46.5 -0.000381826573258 0.00019329753237
45.0 -0.000533774676491 0.00026273671486
43.5 -0.000748147569427 0.000354569084124
42.0 -0.000962794302731 0.000475079849671
40.5 -0.00114754369097 0.000632001341094
39.0 -0.00112019789483 0.000834747321089
37.5 -0.00112229903126 0.00109465612829
36.0 -0.00114843222079 0.00142523354698
34.5 -0.000954095114269 0.00184238336733
33.0 -0.00066123865689 0.0023646105177
31.5 -0.000269312010924 0.00301317860005
30.0 -9.41414060052e-05 0.00381220087232
28.5 0.000116541709568 0.00478864147936
27.0 0.000383650124673 0.00597220235497
25.5 0.000566557392492 0.00739507104081
24.0 0.000775945152201 0.0090915060286
22.5 0.00090379249951 0.0110972394306
21.0 0.00102375240865 0.0134486820515
19.5 0.00108635397355 0.0161819233944
18.0 0.00102227405553 0.01933152877
16.5 0.00110175107508 0.0229291472867
15.0 0.00133466722392 0.0270019576998
13.5 0.00148200153086 0.0315709932797
12.0 0.00162980055942 0.0366494012313
10.5 0.00182570029592 0.042240705794
9.0 0.00220773939749 0.0483371558872
7.5 0.002770079656 0.0549182469255
6.0 0.00325020458183 0.0619495112157
4.5 0.00393848713038 0.0693816718911
3.0 0.00468779437593 0.0771502549826
1.5 0.00568178173345 0.0851757735767
0.0 0.0069328230412 0.0933647308848
-1.5 0.0079112107287 0.10161229346
-3.0 0.00880566648784 0.109809702067
-4.5 0.00977420531198 0.117866241356
-6.0 0.0107496891964 0.125772429967
-7.5 0.0116749565516 0.133763631265
-9.0 0.0126778587769 0.14268441964
-10.5 0.0138642819278 0.154657269137
-12.0 0.015338018578 0.174019032494
-13.5 0.0180299819825 0.208094169091
-15.0 0.0227914578772 0.266798355384
-16.5 0.0306749633372 0.359799241587
-18.0 0.04264601174 0.490804047418
-19.5 0.0576401308175 0.650819403274
-21.0 0.0725997037277 0.81473510088
-22.5 0.0840101710902 0.945725549154
-24.0 0.0887120885792 1.00801188482
-25.5 0.0863273046491 0.982335628622
-27.0 0.0777204478185 0.875107820866
-28.5 0.064037316587 0.715363341386
-30.0 0.0484754430688 0.541505083788
-31.5 0.0335113774866 0.386066384933
-33.0 0.0218081195206 0.266601092117
-34.5 0.014330624933 0.185406212346
-36.0 0.0100704065563 0.135157792704
-37.5 0.00769460769479 0.105571046216
-39.0 0.0064216217659 0.0878064383331
-40.5 0.00550159104733 0.076006366201
-42.0 0.00456843617006 0.0669779052059
-43.5 0.00384884084724 0.059255342562
-45.0 0.00322255622553 0.0522718261142
-46.5 0.00255201080009 0.0458485725683
-48.0 0.00207341661633 0.0399449278935
-49.5 0.00175581352045 0.0345569500139
-51.0 0.00153910592681 0.029682987955
-52.5 0.00137874867475 0.0253144382019
-54.0 0.0014868480702 0.0214345897997
-55.5 0.00150562111714 0.0180197103119
-57.0 0.00140688451181 0.0150406322955
-58.5 0.00121891689438 0.0124643613258
-60.0 0.00102042135035 0.0102555654656
-61.5 0.00094051159829 0.00837789353361
-63.0 0.000865359753664 0.00679509773256
-64.5 0.000855147557116 0.00547195128799
-66.0 0.000600857764431 0.00437496297866
-67.5 0.000257831925804 0.00347289926819
-69.0 0.000123759963862 0.00273713133028
-70.5 8.24291585651e-05 0.0021418286792
-72.0 -0.000138287725773 0.00166402354819
-73.5 -0.000162556761119 0.00128357086534
-75.0 -3.68815676114e-05 0.000983027978095
-76.5 0.000193848777737 0.000747476512839
-78.0 0.000500720270524 0.000564306259687
-79.5 0.000827440366936 0.000422978048745
-81.0 0.00107244382859 0.000314779496003
-82.5 0.00114337438913 0.000232584455922
-84.0 0.00116251659317 0.000170624181947
-85.5 0.00118053864465 0.000124275672632
-87.0 0.00113647312369 8.98705309069e-05
-88.5 0.000995396587085 6.45259098144e-05
-90.0 0.000831812323248 4.59977523817e-05
-91.5 0.000869991952201 3.25555269876e-05
-93.0 0.00105569610395 2.28769695066e-05
-94.5 0.00107145144359 1.59609192878e-05
-96.0 0.00101687999273 1.10561253577e-05
-97.5 0.000986558241835 7.60385193716e-06
-99.0 0.00101571799971 5.19218303408e-06
-100.5 0.000945177979441 3.52007551612e-06
-102.0 0.000711966351001 2.36940669837e-06
-103.5 0.000391852770383 1.5834811139e-06
-105.0 8.85929765479e-05 1.05068324961e-06
-106.5 -0.000110247374945 6.92175740472e-07
-108.0 -0.000442875309127 4.52737620527e-07
-109.5 -0.000606074258726 2.94010227837e-07
-111.0 -0.00065791694228 1.89567524117e-07
-112.5 -0.000643361271681 1.21353157814e-07
-114.0 -0.000530426530267 7.71300957499e-08
-115.5 -0.00027557602732 4.86723486988e-08
-117.0 -0.000215832877288 3.04948415886e-08
-118.5 -0.000251350473164 1.89695096257e-08
-120.0 -0.000244875972622 1.17157871107e-08
-121.5 -0.000131606954006 7.1841018924e-09
-123.0 -0.00013876180682 4.37380221151e-09
-124.5 -0.000305950003879 2.64381730557e-09
-126.0 0.0 1.58668014363e-09
-127.5 0.0 9.45437833215e-10
###
# timestamp: 2456151.813257
# Gaussian 1 [amp, RV +/- err, wid]: [0.88, -19.59 +/- 0.03, 3.06]
# Gaussian 2 [amp, RV +/- err, wid]: [0.13, -13.71 +/- 0.49, 18.36]
# Uncorrected_RV, BF_amp, Gaussian_fit
###
127.5 0.0 0.00105930628053
126.0 0.0 0.001195204579
124.5 -0.000750516488219 0.00134664220906
123.0 -0.000556962536779 0.00151513548885
121.5 -0.000339525046534 0.00170231525899
120.0 -4.89008260243e-05 0.001909931479
118.5 0.000361228774809 0.00213985750752
117.0 0.000754913014954 0.00239409398888
115.5 0.000819112177737 0.0026747722634
114.0 0.000772847171311 0.00298415721381
112.5 0.00084868023659 0.00332464945522
111.0 0.000776929504461 0.00369878677247
109.5 0.000545956721039 0.004109244705
108.0 0.000532131615558 0.00455883617672
106.5 0.00082113983538 0.00505051006697
105.0 0.000795518881997 0.00558734861772
103.5 0.000625330081282 0.00617256357282
102.0 0.00051051583562 0.00680949094692
100.5 0.000357975416189 0.00750158432486
99.0 0.000161892803458 0.00825240659711
97.5 6.97279492595e-06 0.0090656200431
96.0 -0.000152738080833 0.00994497468247
94.5 -0.000316946197349 0.0108942948238
93.0 -0.000719843759568 0.0119174637524
91.5 -0.000985517179896 0.0130184065116
90.0 -0.000847492823376 0.0142010707479
88.5 -0.000732225588167 0.015469405607
87.0 -0.000667031524308 0.0168273386864
85.5 -0.000411270387335 0.0182787510712
84.0 -0.000200632255569 0.0198274505021
82.5 -0.000329794979116 0.0214771427466
81.0 -0.000432767883085 0.0232314012704
79.5 -0.000332367322889 0.0250936353319
78.0 -0.00020285873496 0.0270670566473
76.5 -0.000260240473132 0.0291546448031
75.0 -6.42072926966e-05 0.0313591116172
73.5 4.34610172993e-05 0.033682864679
72.0 -1.60429617509e-05 0.0361279703238
70.5 -0.000182128593362 0.0386961163214
69.0 -0.000292929632331 0.0413885745855
67.5 -0.000657827129899 0.0442061642287
66.0 -0.00102479931547 0.0471492153112
64.5 -0.00138506516455 0.0502175336468
63.0 -0.0017211019129 0.0534103670453
61.5 -0.0017930435789 0.0567263733792
60.0 -0.00156283164364 0.0601635908726
58.5 -0.00135896435191 0.0637194110129
57.0 -0.0009640591709 0.0673905544852
55.5 -0.00049458421869 0.0711730505396
54.0 -0.00022285055122 0.0750622202311
52.5 -0.000224085297031 0.0790526641057
51.0 -9.92082030693e-05 0.0831382553771
49.5 -1.82791406131e-05 0.0873121411019
48.0 0.000213191540212 0.0915667581431
46.5 0.000477469398972 0.0958938823427
45.0 0.000728813736629 0.100284758896
43.5 0.00116240822753 0.104730432036
42.0 0.00148115537878 0.109222546596
40.5 0.00176139039415 0.113755208017
39.0 0.00210800822208 0.11832907104
37.5 0.00246722927708 0.122959802915
36.0 0.00278675531751 0.127694491544
34.5 0.00313583351086 0.132641268292
33.0 0.00340496774682 0.138018732775
31.5 0.0036812931207 0.144231310874
30.0 0.00406480607701 0.15197229387
28.5 0.00459060899224 0.162345628617
27.0 0.00504473139613 0.176979401342
25.5 0.00551289465278 0.198080649674
24.0 0.00640224353305 0.228360438311
22.5 0.00792869771202 0.270753562446
21.0 0.0103570344114 0.327884381616
19.5 0.0139558431994 0.401298586998
18.0 0.0185794209491 0.490583170939
16.5 0.0239668724971 0.592603480443
15.0 0.0293060657566 0.701148170698
13.5 0.033723144506 0.807240862226
12.0 0.0367463706401 0.900229111227
10.5 0.0379193356485 0.969524433664
9.0 0.0371191493922 1.00662043457
7.5 0.035119974113 1.00686241321
6.0 0.0324433788328 0.970460476613
4.5 0.0292329872017 0.902441455888
3.0 0.0264166379158 0.811554299982
1.5 0.0243603535031 0.708457333772
0.0 0.0227147425484 0.603704662909
-1.5 0.021462146167 0.506051084844
-3.0 0.0207135879424 0.421429301816
-4.5 0.0199012234021 0.352703374069
-6.0 0.0190486711848 0.300070675101
-7.5 0.0182712260466 0.261846197237
-9.0 0.0174489366477 0.23534064267
-10.5 0.0166199925864 0.217611660088
-12.0 0.0158710057666 0.205975589176
-13.5 0.0150232006583 0.198267428526
-15.0 0.0144152990613 0.192901452035
-16.5 0.013855893286 0.188808757816
-18.0 0.0131312745513 0.185321434031
-19.5 0.0125684949095 0.182051636536
-21.0 0.012294601051 0.178790794853
-22.5 0.0118653752702 0.175436657138
-24.0 0.0115583593612 0.171945828831
-25.5 0.0112587028989 0.168305514273
-27.0 0.0106822330484 0.16451794411
-28.5 0.0103103029784 0.160592365256
-30.0 0.00988880309833 0.156541162923
-31.5 0.0093123874655 0.152378071975
-33.0 0.00917157156821 0.148117372534
-34.5 0.00896858315127 0.143773520095
-36.0 0.00859542325432 0.139360956721
-37.5 0.00855523803427 0.134893994569
-39.0 0.00827985250516 0.130386728278
-40.5 0.00781010032971 0.125852960045
-42.0 0.00763190909333 0.121306131947
-43.5 0.00728705255022 0.116759263897
-45.0 0.00705788896302 0.112224896964
-46.5 0.00710252524735 0.107715042151
-48.0 0.00727318543994 0.103241134789
-49.5 0.00777658703565 0.0988139947063
-51.0 0.00822908199388 0.0944437922511
-52.5 0.00848030781099 0.0901400202171
-54.0 0.00888803917162 0.0859114716421
-55.5 0.00901499354069 0.0817662234068
-57.0 0.00886006255197 0.0777116255025
-58.5 0.00904098688367 0.0737542957918
-60.0 0.00917427627658 0.06990012004
-61.5 0.00906745707155 0.0661542569548
-63.0 0.00865560711825 0.0625211479399
-64.5 0.0082112773951 0.0590045312349
-66.0 0.00774754581548 0.0556074600906
-67.5 0.00733187234943 0.0523323246111
-69.0 0.00681225173928 0.0491808768754
-70.5 0.00612107801246 0.0461542589462
-72.0 0.0051190314321 0.043253033366
-73.5 0.00408707885899 0.0404772157425
-75.0 0.00323119649074 0.0378263090276
-76.5 0.00220030763442 0.0352993391058
-78.0 0.00101300591198 0.0328948913154
-79.5 1.31372959008e-05 0.0306111475473
-81.0 -0.000676835904812 0.0284459235771
-82.5 -0.0011521677755 0.0263967063143
-84.0 -0.00136889744521 0.0244606906694
-85.5 -0.00132846683994 0.0226348157668
-87.0 -0.00126822646495 0.0209158002578
-88.5 -0.00122023459709 0.0193001765116
-90.0 -0.0010883331963 0.0177843234919
-91.5 -0.00109803083158 0.016364498152
-93.0 -0.00119561412769 0.0150368652091
-94.5 -0.00109281799886 0.0137975251834
-96.0 -0.000839019500683 0.0126425406151
-97.5 -0.000720234609498 0.0115679603928
-99.0 -0.000597754765352 0.0105698421558
-100.5 -0.000507089425266 0.00964427274803
-102.0 -0.000421550271849 0.00878738672468
-103.5 -0.00044987337737 0.00799538293179
-105.0 -0.000527546359123 0.00726453919222
-106.5 -0.000610751609768 0.00659122514896
-108.0 -0.000811641542516 0.00597191332822
-109.5 -0.000887433411658 0.00540318849605
-111.0 -0.000825223408949 0.00488175539145
-112.5 -0.000912456488318 0.00440444492639
-114.0 -0.00106577566782 0.00396821894887
-115.5 -0.000991654828077 0.00357017366957
-117.0 -0.000956799081463 0.00320754185507
-118.5 -0.00105014057538 0.00287769389229
-120.0 -0.00113347516807 0.0025781378288
-121.5 -0.00110140923629 0.00230651849251
-123.0 -0.000897135620839 0.00206061579254
-124.5 -0.000651418536268 0.00183834229985
-126.0 0.0 0.00163774020287
-127.5 0.0 0.00145697772896
###
# timestamp: 2456152.622671
# Gaussian 1 [amp, RV +/- err, wid]: [0.88, -19.59 +/- 0.03, 3.06]
# Gaussian 2 [amp, RV +/- err, wid]: [0.13, -13.71 +/- 0.49, 18.36]
# Uncorrected_RV, BF_amp, Gaussian_fit
###
127.5 0.0 6.63932606838e-12
126.0 0.0 1.03724709358e-11
124.5 0.000935307564939 1.61353509656e-11
123.0 0.000889361257094 2.49926649634e-11
121.5 0.000329378737877 3.8546475957e-11
120.0 -1.1997091574e-05 5.91963259869e-11
118.5 4.60131281838e-05 9.05196337099e-11
117.0 0.000436087031994 1.37825248421e-10
115.5 0.000501787540455 2.08954987285e-10
114.0 0.000475415379179 3.1543847161e-10
112.5 0.000775699414548 4.74148673178e-10
111.0 0.00107479419539 7.09663355972e-10
109.5 0.00095616572238 1.05761641555e-09
108.0 0.000615375890475 1.5694299877e-09
106.5 0.000186291245147 2.31896221016e-09
105.0 -0.000326805305126 3.41179837118e-09
103.5 -0.000793337334219 4.99816978625e-09
102.0 -0.000789799866556 7.29082398293e-09
100.5 -0.000282615588011 1.05896153014e-08
99.0 3.77895265139e-05 1.53151662137e-08
97.5 0.000188673555288 2.2054702654e-08
96.0 0.000906748665018 3.16241353832e-08
94.5 0.0016606651377 4.5151696772e-08
93.0 0.00148924888331 6.41900112254e-08
91.5 0.00134785064231 9.08654515353e-08
90.0 0.000928168224304 1.28076097987e-07
88.5 0.0005387019954 1.79752669039e-07
87.0 0.000723639093353 2.51200540127e-07
85.5 0.000805757666353 3.49545528879e-07
84.0 0.00132387894362 4.84311626613e-07
82.5 0.0014439069569 6.68165426867e-07
81.0 0.00104054735348 9.17869769217e-07
79.5 0.000882868842864 1.25549819809e-06
78.0 0.0014910587895 1.70997232841e-06
76.5 0.00178927549241 2.31899617601e-06
75.0 0.00178273863729 3.13147496306e-06
73.5 0.0017217695662 4.2105207919e-06
72.0 0.00116541927477 5.63716374401e-06
70.5 0.000854350236223 7.51490413982e-06
69.0 0.000941090419697 9.9752594768e-06
67.5 0.000662136612786 1.31844773644e-05
66.0 0.000660292769125 1.73516028072e-05
64.5 0.000598320063417 2.27381034391e-05
63.0 0.000984650134725 2.96692685201e-05
61.5 0.00131807067211 3.85476051462e-05
60.0 0.00120971803626 4.98684564068e-05
58.5 0.000718100146008 6.42380591093e-05
57.0 0.000231964193536 8.2394240921e-05
55.5 -8.93753385128e-05 0.000105229925919
54.0 -0.00030652751437 0.000133819571078
52.5 -0.000322566468848 0.000169448591675
51.0 -7.36927779934e-05 0.000213645748588
49.5 1.92717909153e-05 0.00026821836308
48.0 -3.4224369598e-05 0.000335290093261
46.5 -3.6409029896e-05 0.000417340850523
45.0 -0.00032512237453 0.000517248253826
43.5 -0.000633076740566 0.000638329816522
42.0 -0.000880806752712 0.000784384837241
40.5 -0.00152653270269 0.000959734727994
39.0 -0.00200166384718 0.00116926026552
37.5 -0.00126142781991 0.00141843400458
36.0 -0.000701978077161 0.00171334585471
34.5 -0.00101693220753 0.00206071960764
33.0 -0.000731902500192 0.0024679180246
31.5 -0.000250199243617 0.00294293396734
30.0 0.000313399887918 0.00349436499906
28.5 0.000849628456471 0.00413136890939
27.0 0.000980379100593 0.004863597745
25.5 0.000576264274673 0.00570110817049
24.0 0.000720448529843 0.00665424635296
22.5 0.0008594054221 0.00773350606642
21.0 0.000718952720395 0.0089493593526
19.5 0.00103322833299 0.010312059849
18.0 0.00154635124719 0.0118314197944
16.5 0.00211694829619 0.0135165627301
15.0 0.00202261133884 0.0153756550065
13.5 0.00201632515934 0.0174156203481
12.0 0.00200062714908 0.0196418428864
10.5 0.00180619414364 0.0220578651928
9.0 0.0022403234413 0.0246650888823
7.5 0.00246225967645 0.0274624862627
6.0 0.00210648727149 0.0304463322113
4.5 0.00193187509229 0.0336099659284
3.0 0.00162720393221 0.0369435923871
1.5 0.00106009759424 0.0404341331384
0.0 0.00156902576219 0.0440651356038
-1.5 0.00209370628111 0.0478167490802
-3.0 0.0025189704211 0.0516657744451
-4.5 0.00354269576087 0.0555857940094
-6.0 0.00445787329409 0.0595474044147
-7.5 0.00468466434297 0.0635188081504
-9.0 0.005364479288 0.0674693060761
-10.5 0.00551855999619 0.0713949851053
-12.0 0.00637619364021 0.0754751115236
-13.5 0.00835245586877 0.0807916143347
-15.0 0.0111198291694 0.0917078727294
-16.5 0.0161790748854 0.121005939938
-18.0 0.0253547934783 0.194865838032
-19.5 0.0434320964864 0.345524743658
-21.0 0.0729381906514 0.578867915232
-22.5 0.106837970792 0.834613788675
-24.0 0.12951220808 0.995378594508
-25.5 0.12682388003 0.969601326931
-27.0 0.0996894809524 0.773640921526
-28.5 0.064393380741 0.516372465151
-30.0 0.0371100374257 0.305262936026
-31.5 0.0228486701615 0.180347328997
-33.0 0.0170552453059 0.1241230663
-34.5 0.014395764613 0.103885012119
-36.0 0.0129384001115 0.0971683214036
-37.5 0.0120918831745 0.094089964247
-39.0 0.0121554285086 0.0915510401303
-40.5 0.0119402480596 0.0888434858371
-42.0 0.0107141321181 0.0858664947075
-43.5 0.00972377848139 0.0826362462927
-45.0 0.00859208351116 0.0791874439477
-46.5 0.00684285607649 0.0755579374557
-48.0 0.00562658483505 0.0717863428028
-49.5 0.00529990101548 0.0679112187037
-51.0 0.00487853334656 0.0639704169104
-52.5 0.00429678339727 0.0600004903064
-54.0 0.00350856581045 0.0560361615643
-55.5 0.00288250906611 0.0521098615738
-57.0 0.00230101502051 0.0482513447464
-58.5 0.00160230205881 0.0444873856492
-60.0 0.00132519534479 0.0408415587752
-61.5 0.00131121798332 0.037334100733
-63.0 0.00177949437572 0.0339818518318
-64.5 0.00196143876021 0.0307982719997
-66.0 0.00141451100519 0.0277935242773
-67.5 0.00110642202906 0.0249746177881
-69.0 0.0010651763018 0.022345601141
-70.5 0.000288873123012 0.0199077966444
-72.0 -0.000404281330243 0.0176600655151
-73.5 -0.000244645768077 0.0155990943973
-75.0 -0.000549998817598 0.0137196939419
-76.5 -0.000711408724773 0.0120151008816
-78.0 -6.23334495585e-05 0.0104772759184
-79.5 0.000903160168621 0.00909719076933
-81.0 0.00172481801353 0.00786509882892
-82.5 0.0017693070667 0.00677078506367
-84.0 0.00137905096785 0.0058037919008
-85.5 0.00125741643544 0.00495361897187
-87.0 0.000963138518489 0.00420989559112
-88.5 0.000756013071537 0.00356252576135
-90.0 0.000424817756252 0.00300180628902
-91.5 0.00100102883473 0.00251851924636
-93.0 0.0016545560345 0.0021040005365
-94.5 0.00142770797011 0.00175018670167
-96.0 0.000783398732495 0.00144964237099
-97.5 0.000745298780377 0.00119557088467
-99.0 0.000918205795087 0.000981810669788
-100.5 0.00147100063058 0.000802819894168
-102.0 0.00155274194254 0.000653651806288
-103.5 0.00121155181018 0.000529922996591
-105.0 0.000564947516762 0.000427776604425
-106.5 3.35132426777e-05 0.000343842259722
-108.0 0.000198332013831 0.000275194301776
-109.5 -0.000195562822728 0.00021930956985
-111.0 -5.09140047632e-05 0.000174025820614
-112.5 -0.000594930684125 0.000137501602253
-114.0 -0.000822273666963 0.000108178209414
-115.5 2.89735339027e-05 8.47441600857e-05
-117.0 0.000574567854642 6.61024767332e-05
-118.5 0.000330281886537 5.13409198595e-05
-120.0 0.00024042755664 3.97052121027e-05
-121.5 -0.00034810244891 3.05752035102e-05
-123.0 -0.000566720446844 2.34438618622e-05
-124.5 -0.000615360181865 1.78989235185e-05
-126.0 0.0 1.36070077505e-05
-127.5 0.0 1.02999783837e-05
###
# timestamp: 2456153.851364
# Gaussian 1 [amp, RV +/- err, wid]: [0.88, -19.59 +/- 0.03, 3.06]
# Gaussian 2 [amp, RV +/- err, wid]: [0.13, -13.71 +/- 0.49, 18.36]
# Uncorrected_RV, BF_amp, Gaussian_fit
###
127.5 0.0 8.46884247414e-11
126.0 0.0 1.26543520829e-10
124.5 -0.000208972339065 1.88348032622e-10
123.0 0.000479664045509 2.79246396932e-10
121.5 0.000963037397375 4.12400690519e-10
120.0 0.000327469773649 6.0667556734e-10
118.5 -0.00131811374435 8.88994228893e-10
117.0 0.0011954924203 1.29761750007e-09
115.5 0.00197815877025 1.88668658629e-09
114.0 0.00147201614933 2.73248725626e-09
112.5 0.000710828026349 3.94204741913e-09
111.0 -0.000398545976353 5.66488187934e-09
109.5 0.00128802438367 8.10896057141e-09
108.0 0.000379713810506 1.15623159956e-08
106.5 0.000215354367292 1.64221417158e-08
105.0 0.000404313422236 2.32337906796e-08
103.5 9.64943387281e-05 3.274278864e-08
102.0 -0.000301098548169 4.5963868402e-08
100.5 -0.000841061017804 6.42721452721e-08
99.0 -0.000883309885813 8.95229397344e-08
97.5 -0.000775632147575 1.24208463541e-07
96.0 0.000329549742801 1.71661680478e-07
94.5 0.0010813924813 2.36320199947e-07
93.0 0.00163066666299 3.24066132883e-07
91.5 1.20384504393e-05 4.42661512391e-07
90.0 0.000244212010788 6.02303235103e-07
88.5 0.000691991394017 8.16326591715e-07
87.0 -0.000415861411449 1.10209239947e-06
85.5 -7.4705209677e-05 1.48209958738e-06
84.0 0.00166386461664 1.98537286092e-06
82.5 -0.000336699515547 2.6491838033e-06
81.0 -8.61925045419e-05 3.52117343659e-06
79.5 0.00243872092152 4.66195479704e-06
78.0 0.00220214019084 6.14828534462e-06
76.5 0.00201939729414 8.07691081648e-06
75.0 0.00292538879541 1.05691941451e-05
73.5 0.00118542492689 1.3776654882e-05
72.0 -0.000386328387725 1.78875556611e-05
70.5 0.0010706938671 2.31346819258e-05
69.0 0.00190608979648 2.98044686082e-05
67.5 0.00100831850106 3.82476317128e-05
66.0 0.000542784187721 4.88914626846e-05
64.5 0.00064028125848 6.22539377609e-05
63.0 0.000827336368245 7.89597818204e-05
61.5 0.00170894708163 9.97586050524e-05
60.0 0.00139504241307 0.000125545199536
58.5 0.000359556018697 0.000157382040023
57.0 -0.000694105008975 0.000196523977414
55.5 -0.000183837667183 0.000244445043358
54.0 0.00109090790105 0.000302867199138
52.5 0.000729767250582 0.000373790760999
51.0 -0.00171971384228 0.000459526117294
49.5 -0.000562792235893 0.000562726221037
48.0 0.00146914225636 0.000686419196087
46.5 0.00140196232808 0.00083404023878
45.0 -0.000888942119175 0.00100946183281
43.5 -0.00169072861281 0.00121702112829
42.0 -0.00204263135007 0.00146154317173
40.5 -0.000516478030991 0.00174835851965
39.0 0.000195496896621 0.00208331363194
37.5 -0.00125153642914 0.0024727723315
36.0 -0.00162995330226 0.00292360654346
34.5 -3.21658100112e-05 0.00344317450058
33.0 0.000194828615384 0.00403928463065
31.5 0.000367390411534 0.00472014343749
30.0 0.000436421692784 0.00549428585694
28.5 -0.000860209525007 0.00637048682033
27.0 0.000577692979942 0.00735765309524
25.5 0.00200900724745 0.00846469489839
24.0 0.00113032803659 0.00970037728726
22.5 -6.48540410784e-05 0.0110731519296
21.0 -0.000304041641918 0.0125909705146
19.5 0.000665342412756 0.0142610817903
18.0 0.00196319203488 0.0160898149758
16.5 0.00251678931121 0.0180823530688
15.0 0.00127027860892 0.0202425003422
13.5 0.00131585791816 0.0225724490433
12.0 0.00233072649142 0.0250725509692
10.5 0.00280224446226 0.0277411001336
9.0 0.00262050184763 0.0305741331543
7.5 0.00171898691448 0.0335652542246
6.0 0.00184612742523 0.0367054915755
4.5 0.00253311737168 0.0399831921505
3.0 0.00152691201547 0.043383960798
1.5 0.00165359690827 0.0468906496219
0.0 0.00179792255103 0.0504834022173
-1.5 0.00194644552758 0.0541397563869
-3.0 0.00327429329751 0.0578348077894
-4.5 0.00410720602818 0.0615414394739
-6.0 0.00597240892037 0.0652306795235
-7.5 0.00548000343558 0.0688729099922
-9.0 0.00517817229786 0.0724463126254
-10.5 0.00723943973083 0.0759948943018
-12.0 0.00771055705432 0.0799409313079
-13.5 0.00944806296216 0.0863303264091
-15.0 0.0142111762893 0.102291104001
-16.5 0.021188686087 0.145754633648
-18.0 0.0324437652859 0.246952644331
-19.5 0.0537804187374 0.431172073934
-21.0 0.084703182296 0.679314268093
-22.5 0.115722049315 0.902832647327
-24.0 0.129300935286 0.98612400396
-25.5 0.115451952676 0.880155667188
-27.0 0.0821785779067 0.647959105367
-28.5 0.0479964958154 0.406637776055
-30.0 0.0284494808935 0.23586671763
-31.5 0.0208165938651 0.146193970673
-33.0 0.0155511205628 0.109632655762
-34.5 0.0136628452595 0.0971805257661
-36.0 0.013096112981 0.0926871567777
-37.5 0.0120091546305 0.0900225381973
-39.0 0.0108571412724 0.0874954937114
-40.5 0.0106251877444 0.0847708540401
-42.0 0.0102449363555 0.0818188461057
-43.5 0.00823622931291 0.0786628220498
-45.0 0.00640420923091 0.0753340531481
-46.5 0.00527859912361 0.07186517401
-48.0 0.00493320811437 0.0682890302446
-49.5 0.00426497509451 0.0646381212696
-51.0 0.00396789810915 0.0609441213617
-52.5 0.0025328537017 0.0572374438967
-54.0 0.00210602686881 0.0535468536271
-55.5 0.00291017290088 0.0498991328983
-57.0 0.00128126646298 0.0463188060653
-58.5 0.00131833959201 0.0428279245817
-60.0 0.00173971219118 0.0394459134723
-61.5 0.0027318590611 0.0361894782443
-63.0 0.00161631920271 0.0330725697768
-64.5 0.0026460389807 0.0301064034056
-66.0 0.000449520015562 0.0272995273109
-67.5 0.00100073880047 0.0246579344446
-69.0 0.00120927264283 0.0221852116091
-70.5 -0.000239999777781 0.0198827189176
-72.0 0.000775545925531 0.0177497927255
-73.5 -0.000300538380388 0.0157839651905
-75.0 -0.00204959497019 0.013981193892
-76.5 -0.00100637626339 0.0123360953703
-78.0 0.0016241871551 0.010842177014
-79.5 0.00216229919796 0.00949206239354
-81.0 0.00248106736374 0.00827770586972
-82.5 0.00283395988044 0.00719059308138
-84.0 0.00105397962095 0.00622192468866
-85.5 0.00157832337023 0.00536278150664
-87.0 0.000982782842468 0.00460426987702
-88.5 0.0010174373771 0.00393764677938
-90.0 0.000677137843354 0.00335442476372
-91.5 0.00125356548131 0.0028464572838
-93.0 0.00212463926805 0.00240600542186
-94.5 0.00133914719554 0.00202578731837
-96.0 0.00134494621624 0.00169901185829
-97.5 0.000980865535938 0.00141939832233
-99.0 0.00078856808466 0.00118118379647
-100.5 0.00101424957315 0.000979120152267
-102.0 0.00206126636877 0.0008084623758
-103.5 0.00142053247948 0.000664949943266
-105.0 -0.000420360269021 0.000544782826535
-106.5 4.03487882016e-05 0.000444593572222
-108.0 -0.00101107060944 0.00036141674147
-109.5 -0.00120359497071 0.000292656832635
-111.0 0.000493623873766 0.000236055642304
-112.5 0.000712931495907 0.000189659856979
-114.0 2.96883702617e-05 0.000151789512946
-115.5 -0.00084196015412 0.00012100781851
-117.0 -0.00081484222722 9.60927033655e-05
-118.5 -0.000862859885186 7.60103455536e-05
-120.0 0.000686368349984 5.98908280734e-05
-121.5 0.00195250788951 4.70059943835e-05
-123.0 -0.000456413932983 3.67495043842e-05
-124.5 -0.00206733780837 2.86190388404e-05
-126.0 0.0 2.22005593741e-05
-127.5 0.0 1.71545016489e-05
###
# timestamp: 2456172.807521
# Gaussian 1 [amp, RV +/- err, wid]: [0.88, -19.59 +/- 0.03, 3.06]
# Gaussian 2 [amp, RV +/- err, wid]: [0.13, -13.71 +/- 0.49, 18.36]
# Uncorrected_RV, BF_amp, Gaussian_fit
###
127.5 0.0 1.83840042759e-14
126.0 0.0 3.43358111912e-14
124.5 -0.000328051642135 6.37025902989e-14
123.0 0.000172500253387 1.17400366397e-13
121.5 0.000664081781704 2.14923741645e-13
120.0 0.000580978105616 3.90842617581e-13
118.5 0.000545810652763 7.06028144828e-13
117.0 0.000465143117312 1.26690688072e-12
115.5 0.000932273750194 2.25823927307e-12
114.0 0.000676457138487 3.99850641615e-12
112.5 0.000108954276676 7.03279921724e-12
111.0 -0.00021387803404 1.22874346299e-11
109.5 -0.000469657135368 2.1325381156e-11
108.0 -0.000664648437222 3.67650333476e-11
106.5 -0.000469467464697 6.29615928275e-11
105.0 -0.000336266153853 1.07107289457e-10
103.5 0.00027952058874 1.8099431394e-10
102.0 0.000355545733198 3.03817939626e-10
100.5 0.000850750281987 5.06599173771e-10
99.0 0.00185935111687 8.39108499732e-10
97.5 0.00160355799331 1.38062058246e-09
96.0 0.00140615081083 2.25648861747e-09
94.5 0.000922374346683 3.66348595445e-09
93.0 0.000620500900002 5.90824498091e-09
91.5 0.00098759546662 9.46509634015e-09
90.0 0.00165200200523 1.50623995283e-08
88.5 0.00140670299631 2.38103548305e-08
87.0 0.000781961269738 3.73886816655e-08
85.5 0.00047594562301 5.83199330701e-08
84.0 0.00093575603771 9.03642111912e-08
82.5 0.0014848090151 1.39084421053e-07
81.0 0.00202925518563 2.1264887646e-07
79.5 0.00161664004047 3.22961146396e-07
78.0 0.00153297725354 4.87236756799e-07
76.5 0.00165383716783 7.30184130001e-07
75.0 0.00137547522338 1.08699442272e-06
73.5 0.00084659494539 1.60740317585e-06
72.0 0.000799091155325 2.36115723395e-06
70.5 0.000844169738502 3.44530421293e-06
69.0 0.000997376053318 4.99381928369e-06
67.5 0.000892828248969 7.19019467491e-06
66.0 0.000958072078883 1.02837392496e-05
64.5 0.00101797335633 1.46104651847e-05
63.0 0.000613376791955 2.0619570334e-05
61.5 0.000129835206111 2.89066496682e-05
60.0 -8.14431863959e-05 4.0254875431e-05
58.5 5.01772297019e-05 5.56854578999e-05
57.0 -0.000119855769768 7.65187177042e-05
55.5 -1.47606365095e-06 0.000104447043692
54.0 6.35105282003e-05 0.000141620851335
52.5 5.26419197084e-05 0.000190748367446
51.0 9.22661433776e-05 0.000255209618742
49.5 -0.000420695492112 0.000339184367447
48.0 -0.000594465359435 0.000447792893938
46.5 -0.000900860275389 0.000587247460082
45.0 -0.00111814582526 0.000765010994768
43.5 -0.00125818499991 0.000989958039453
42.0 -0.000991641601343 0.00127253131103
40.5 -0.000829412116519 0.00162488544121
39.0 -0.000345495000714 0.00206100762267
37.5 0.000131886829611 0.00259680314689
36.0 0.000201852361794 0.00325013229971
34.5 0.000785186388693 0.00404078395312
33.0 0.00116554753401 0.00499037063776
31.5 0.000977423710602 0.00612213008821
30.0 0.000687402611794 0.00746061940113
28.5 0.00112479746238 0.00903129019132
27.0 0.00109564443994 0.0108599365834
25.5 0.00119247690874 0.0129720125877
24.0 0.00151478443077 0.0153918213463
22.5 0.00171159240268 0.018141585772
21.0 0.00198387564128 0.0212404180029
19.5 0.00219929099386 0.0247032135218
18.0 0.00196753373152 0.0285395042831
16.5 0.00208078503982 0.0327523132265
15.0 0.00255181142354 0.0373370595321
13.5 0.00323228088275 0.0422805692597
12.0 0.00400157707219 0.0475602490187
10.5 0.00466184235451 0.0531434804879
9.0 0.00515532432277 0.0589872905417
7.5 0.00527208364396 0.0650383451845
6.0 0.00561379374736 0.0712333054286
4.5 0.00713788419327 0.0774995698712
3.0 0.00877687400372 0.0837564125062
1.5 0.00971379111007 0.0899165059908
0.0 0.0109311789263 0.0958878018779
-1.5 0.0121833698598 0.101575735196
-3.0 0.0129098674822 0.106885920761
-4.5 0.0131425654209 0.111729814908
-6.0 0.0130270999895 0.116054073903
-7.5 0.0130393369348 0.120017236049
-9.0 0.0148770102038 0.124824583756
-10.5 0.0173116295399 0.135523904435
-12.0 0.0218896986735 0.166909446214
-13.5 0.0313804263951 0.248286397529
-15.0 0.0500353701347 0.411804593716
-16.5 0.0788528534512 0.652406958021
-18.0 0.108428710511 0.889444484437
-19.5 0.123124895268 0.996756931961
-21.0 0.112345366825 0.905604822718
-22.5 0.0827109452635 0.671350681457
-24.0 0.0501188854453 0.419419310698
-25.5 0.0271632165438 0.239512594581
-27.0 0.0162585850331 0.144559909714
-28.5 0.0120904552472 0.104363084099
-30.0 0.00959403358406 0.0881948907769
-31.5 0.00763802901169 0.0796840533756
-33.0 0.00692562217033 0.0730136621218
-34.5 0.00718948911453 0.0667370720259
-36.0 0.00642710127655 0.0606339096492
-37.5 0.00497349759535 0.0547268646313
-39.0 0.00385256066451 0.0490672070066
-40.5 0.00274818336509 0.0437003508709
-42.0 0.00196371907157 0.0386617140056
-43.5 0.00198697729624 0.0339765958746
-45.0 0.00160019990106 0.0296606869755
-46.5 0.00205766114881 0.0257208387493
-48.0 0.00236106664021 0.0221560138535
-49.5 0.00214978901643 0.0189583575429
-51.0 0.00188401279949 0.0161143343804
-52.5 0.00144828759696 0.0136058792737
-54.0 0.00118196908731 0.0114115184083
-55.5 0.00121261574706 0.00950742345193
-57.0 0.00153804456773 0.00786837083316
-58.5 0.00173904117519 0.00646858638721
-60.0 0.00161668505972 0.00528246374779
-61.5 0.00142628198395 0.00428515216519
-63.0 0.0014796410458 0.00345301568782
-64.5 0.00111034311943 0.00276397069942
-66.0 0.000380666355264 0.00219771260133
-67.5 -6.68446264922e-05 0.00173584499712
-69.0 -0.000809060378286 0.00136192617282
-70.5 -0.000773363453842 0.00106144811498
-72.0 -0.000381496726149 0.00082176294554
-73.5 -5.50166310409e-05 0.000631970664048
-75.0 0.000528236371314 0.000482780659376
-76.5 0.00147712225063 0.000366357754452
-78.0 0.00166542764261 0.000276161729219
-79.5 0.00135693285687 0.00020678745043
-81.0 0.000753885959282 0.000153811017114
-82.5 0.000640310104704 0.000113645773694
-84.0 0.000841698162174 8.34106903038e-05
-85.5 0.00121307810387 6.08124809233e-05
-87.0 0.00115522082762 4.40419264715e-05
-88.5 0.00143445063157 3.16841801438e-05
-90.0 0.0015071831511 2.26423354561e-05
-91.5 0.000729798726952 1.60732073418e-05
-93.0 0.000524179510456 1.13340847038e-05
-94.5 0.00116349052032 7.93913050522e-06
-96.0 0.00145174077691 5.52410606096e-06
-97.5 0.00148398946187 3.81815588717e-06
-99.0 0.0010483924627 2.62148805625e-06
-100.5 0.000628844401366 1.78790603853e-06
-102.0 0.000194138969607 1.21127869678e-06
-103.5 0.000149659180452 8.15165981441e-07
-105.0 0.000203541325944 5.44942394529e-07
-106.5 -0.000153541032314 3.61874286099e-07
-108.0 -0.00074068714403 2.38708252264e-07
-109.5 -0.000330417425047 1.56415476478e-07
-111.0 0.000405905973978 1.01810973727e-07
-112.5 0.000747827518927 6.58282091612e-08
-114.0 0.000854750406802 4.22797168234e-08
-115.5 0.000451473251132 2.69745792668e-08
-117.0 -0.000332126082345 1.70954237158e-08
-118.5 -0.00065847066317 1.07623630822e-08
-120.0 -0.000302467143892 6.73035527121e-09
-121.5 0.000624750031322 4.18091097458e-09
-123.0 0.0010365175463 2.57992113715e-09
-124.5 0.000898968779009 1.58141014838e-09
-126.0 0.0 9.62908881383e-10
-127.5 0.0 5.82409490899e-10
